Test Accuracy: 65.24%
Top-5 Accuracy: 90.40%
Precision: 0.6562
Recall: 0.6524
F1 Score: 0.6463

              precision    recall  f1-score   support

           0       0.71      0.80      0.75        15
           1       0.56      0.48      0.51        21
           2       0.60      0.74      0.67        35
           3       0.56      0.56      0.56        16
           4       0.67      0.90      0.77        20
           5       0.68      0.74      0.70        34
           6       0.77      0.77      0.77        26
           7       0.67      0.67      0.67        15
           8       0.65      0.68      0.67        53
           9       0.89      0.44      0.59        18
          10       0.54      0.78      0.64        27
          11       0.45      0.47      0.46        19
          12       0.67      0.54      0.60        26
          13       0.68      0.78      0.72        49
          14       1.00      0.87      0.93        15
          15       0.52      0.50      0.51        30
          16       0.72      0.69      0.71        26
          17       0.77      0.65      0.71        26
          18       0.70      0.70      0.70        27
          19       0.63      0.85      0.72        20
          20       0.67      0.59      0.62        17
          21       0.60      0.47      0.53        19
          22       0.84      0.80      0.82        20
          23       0.36      0.24      0.29        21
          24       0.84      0.80      0.82        20
          25       0.71      0.71      0.71        21
          26       0.62      0.67      0.65        15
          27       0.72      0.83      0.77        35
          28       0.54      0.81      0.65        26
          29       0.65      0.39      0.49        28
          30       0.71      0.71      0.71        28
          31       0.41      0.61      0.49        28
          32       0.92      0.89      0.91        27
          33       0.60      0.67      0.63        18
          34       0.86      0.75      0.80        24
          35       0.95      1.00      0.98        41
          36       0.69      0.50      0.58        22
          37       0.81      0.81      0.81        27
          38       0.50      0.28      0.36        25
          39       0.56      0.22      0.31        23
          40       0.61      0.81      0.70        63
          41       0.37      0.51      0.43        35
          42       0.74      0.44      0.55        32
          43       0.63      0.67      0.65        18
          44       0.79      0.79      0.79        39
          45       0.52      0.52      0.52        21
          46       0.42      0.42      0.42        19
          47       0.33      0.27      0.30        15
          48       0.95      0.95      0.95        20
          49       0.50      0.37      0.42        19
          50       0.40      0.27      0.32        22
          51       0.40      0.30      0.34        20
          52       0.58      0.58      0.58        26
          53       0.39      0.37      0.38        19
          54       0.44      0.44      0.44        27
          55       0.63      0.61      0.62        28
          56       0.53      0.57      0.55        28
          57       0.91      0.94      0.93        34
          58       0.92      0.85      0.88        27
          59       0.85      0.85      0.85        27

    accuracy                           0.65      1542
   macro avg       0.65      0.63      0.63      1542
weighted avg       0.66      0.65      0.65      1542
